#ID	4B8D9F98-04F2-11EC-AB80-089935B06153
# Theoretical Max Height	6.45311498641968
# Observed Max Height	6.014
# Column	Heights																				Expected Insert Length	Insert Probability	Delete Probability	Model Mask
#       	A	C	D	E	F	G	H	I	K	L	M	N	P	Q	R	S	T	V	W	Y
1	0.018	0.010	0.008	0.022	0.010	0.007	0.005	0.066	0.075	0.020	0.010	0.009	0.005	0.023	0.079	0.015	0.024	0.086	0.002	0.014	1.9	0.00	0.91	0
2	1.541	0.010	0.006	0.008	0.008	0.059	0.005	0.030	0.009	0.021	0.009	0.013	0.012	0.008	0.009	0.058	0.090	0.195	0.002	0.006	1.9	0.00	0.95	0
3	0.034	0.010	0.005	0.011	0.018	0.008	0.006	0.105	0.035	0.321	0.031	0.011	0.006	0.051	0.015	0.017	0.025	0.060	0.003	0.011	1.9	0.00	0.97	0
4	0.018	0.014	0.006	0.009	0.014	0.007	0.005	0.017	0.011	0.022	0.008	0.007	0.004	0.008	0.008	0.014	0.013	0.021	0.003	0.027	1.9	0.02	0.12	0
5	0.030	0.003	0.005	0.009	0.007	0.007	0.004	0.026	0.010	0.031	0.008	0.006	0.004	0.007	0.007	0.013	0.013	0.040	0.001	0.005	1.9	0.02	0.20	0
6	0.056	0.008	0.010	0.017	0.191	0.023	0.059	0.039	0.027	0.074	0.020	0.030	0.009	0.019	0.015	0.050	0.039	0.047	0.039	0.349	1.9	0.00	0.93	0
7	0.056	0.002	0.332	0.074	0.005	0.026	0.014	0.008	0.041	0.013	0.006	0.055	0.062	0.031	0.028	0.071	0.047	0.012	0.002	0.006	1.9	0.00	0.97	0
8	0.009	0.048	0.004	0.004	1.188	0.006	0.054	0.013	0.005	0.044	0.008	0.026	0.004	0.008	0.006	0.010	0.007	0.014	0.036	1.701	1.9	0.00	0.98	0
9	0.019	0.005	0.037	0.048	0.006	0.006	0.008	0.004	0.032	0.007	0.005	0.020	0.017	0.032	0.013	0.024	0.036	0.024	0.001	0.003	1.9	0.00	0.99	0
10	0.133	0.002	0.014	0.026	0.003	0.061	0.007	0.005	0.056	0.012	0.007	0.017	0.045	0.022	0.022	0.036	0.023	0.008	0.001	0.004	1.9	0.00	0.99	0
11	0.026	0.004	0.017	0.034	0.002	0.012	0.010	0.006	0.032	0.009	0.007	0.022	0.006	0.043	0.046	0.031	0.037	0.017	0.001	0.003	1.9	0.00	1.00	0
12	0.021	0.002	0.018	0.044	0.004	0.019	0.009	0.007	0.064	0.011	0.005	0.018	0.007	0.022	0.034	0.022	0.017	0.010	0.001	0.005	1.9	0.02	0.17	0
13	0.034	0.003	0.190	0.068	0.006	0.023	0.015	0.009	0.114	0.015	0.007	0.038	0.013	0.034	0.028	0.037	0.026	0.014	0.002	0.008	1.9	0.01	0.27	0
14	0.027	0.002	0.091	0.046	0.004	0.015	0.011	0.007	0.054	0.012	0.005	0.039	0.009	0.026	0.020	0.052	0.021	0.011	0.001	0.006	1.9	0.01	0.35	0
15	0.011	0.005	0.004	0.007	0.003	0.005	0.005	0.005	0.010	0.010	0.003	0.004	0.002	0.005	0.005	0.008	0.006	0.006	0.001	0.002	1.9	0.01	0.42	0
16	0.006	0.001	0.004	0.005	0.002	0.006	0.002	0.011	0.005	0.009	0.003	0.003	0.002	0.003	0.003	0.006	0.007	0.006	0.001	0.002	1.9	0.01	0.47	0
17	0.023	0.003	0.014	0.021	0.005	0.012	0.007	0.009	0.029	0.013	0.005	0.014	0.063	0.016	0.041	0.021	0.017	0.012	0.002	0.005	1.9	0.02	0.37	0
18	0.011	0.013	0.005	0.011	0.008	0.004	0.003	0.009	0.009	0.015	0.005	0.006	0.010	0.008	0.006	0.009	0.009	0.011	0.001	0.004	1.9	0.01	0.46	0
19	0.017	0.001	0.037	0.038	0.003	0.024	0.008	0.006	0.036	0.009	0.007	0.033	0.015	0.038	0.016	0.028	0.025	0.006	0.001	0.003	1.9	0.00	0.96	0
20	0.022	0.002	0.047	0.038	0.004	0.014	0.008	0.007	0.023	0.010	0.004	0.036	0.008	0.018	0.014	0.022	0.016	0.010	0.001	0.005	1.9	0.03	0.12	0
21	0.031	0.002	0.049	0.033	0.004	0.013	0.008	0.006	0.022	0.010	0.004	0.026	0.007	0.017	0.013	0.027	0.016	0.010	0.001	0.004	1.9	0.02	0.22	0
22	0.037	0.001	0.044	0.056	0.004	0.018	0.008	0.007	0.033	0.007	0.003	0.017	0.058	0.021	0.014	0.063	0.019	0.010	0.001	0.003	1.9	0.00	0.95	0
23	0.036	0.004	0.110	0.064	0.003	0.038	0.012	0.005	0.027	0.009	0.005	0.034	0.008	0.049	0.025	0.052	0.019	0.011	0.001	0.007	1.9	0.00	0.98	0
24	0.037	0.013	0.098	0.291	0.011	0.061	0.033	0.007	0.038	0.013	0.006	0.026	0.014	0.044	0.023	0.029	0.035	0.012	0.001	0.006	1.9	0.00	0.99	0
25	0.022	0.019	0.003	0.005	0.025	0.006	0.004	0.200	0.006	1.287	0.055	0.005	0.020	0.006	0.007	0.011	0.018	0.141	0.003	0.010	1.9	0.00	1.00	0
26	0.038	0.002	0.028	0.031	0.003	0.036	0.008	0.008	0.040	0.009	0.004	0.036	0.026	0.027	0.025	0.157	0.063	0.008	0.001	0.005	1.9	0.00	1.00	0
27	0.039	0.007	0.004	0.007	0.905	0.008	0.006	0.130	0.008	0.419	0.103	0.007	0.006	0.008	0.009	0.015	0.036	0.135	0.004	0.012	1.9	0.00	1.00	0
28	0.029	0.004	0.013	0.039	0.004	0.009	0.014	0.005	0.074	0.023	0.007	0.028	0.008	0.027	0.063	0.030	0.021	0.008	0.001	0.009	1.9	0.00	1.00	0
29	0.043	0.001	0.011	0.050	0.009	0.008	0.006	0.007	0.091	0.020	0.003	0.011	0.018	0.033	0.035	0.017	0.017	0.018	0.001	0.010	1.9	0.00	1.00	0
30	0.069	0.003	0.128	0.060	0.004	1.203	0.019	0.007	0.032	0.011	0.005	0.144	0.011	0.027	0.027	0.047	0.035	0.011	0.001	0.006	1.9	0.00	1.00	0
31	0.079	0.002	0.783	0.337	0.005	0.020	0.014	0.008	0.042	0.020	0.006	0.048	0.012	0.092	0.024	0.042	0.025	0.024	0.002	0.007	1.9	0.00	1.00	0
32	0.019	0.003	0.009	0.024	0.008	0.006	0.007	0.089	0.045	0.019	0.011	0.011	0.010	0.014	0.021	0.018	0.042	0.061	0.001	0.004	1.9	0.00	1.00	0
33	0.032	0.013	0.004	0.007	0.079	0.008	0.006	0.295	0.009	0.277	0.042	0.007	0.006	0.008	0.009	0.017	0.022	0.159	0.004	0.033	1.9	0.00	1.00	0
34	0.013	0.003	0.022	0.041	0.009	0.006	0.032	0.018	0.029	0.022	0.004	0.014	0.004	0.037	0.020	0.016	0.042	0.009	0.002	0.010	1.9	0.00	1.00	0
35	0.034	0.009	0.011	0.013	0.020	0.010	0.007	0.354	0.015	0.178	0.021	0.031	0.007	0.009	0.010	0.020	0.027	0.533	0.004	0.014	1.9	0.00	1.00	0
36	0.033	0.016	0.004	0.007	0.026	0.009	0.020	0.186	0.011	0.289	0.038	0.007	0.006	0.008	0.015	0.030	0.040	0.074	0.004	0.018	1.9	0.00	0.98	0
37	0.032	0.012	0.062	0.096	0.004	0.018	0.012	0.005	0.037	0.008	0.005	0.058	0.006	0.024	0.037	0.068	0.023	0.008	0.001	0.004	1.9	0.00	0.99	0
38	0.045	0.001	0.046	0.051	0.009	0.009	0.011	0.008	0.108	0.008	0.010	0.018	0.007	0.033	0.043	0.025	0.024	0.012	0.002	0.009	1.9	0.00	0.98	0
39	0.012	0.004	0.028	0.036	0.002	0.008	0.006	0.006	0.023	0.015	0.002	0.018	0.008	0.016	0.009	0.040	0.021	0.019	0.001	0.004	1.9	0.00	0.99	0
40	0.015	0.002	0.015	0.025	0.003	0.007	0.008	0.005	0.024	0.008	0.004	0.012	0.017	0.015	0.012	0.016	0.014	0.007	0.001	0.004	1.9	0.02	0.19	0
41	0.034	0.004	0.181	0.061	0.008	0.026	0.013	0.013	0.033	0.018	0.007	0.035	0.014	0.028	0.020	0.035	0.025	0.018	0.002	0.009	1.9	0.02	0.19	0
42	0.032	0.006	0.009	0.013	0.015	0.013	0.006	0.058	0.015	0.053	0.015	0.011	0.007	0.010	0.012	0.022	0.022	0.133	0.003	0.009	1.9	0.02	0.26	0
43	0.013	0.001	0.017	0.017	0.003	0.006	0.005	0.004	0.015	0.007	0.003	0.010	0.015	0.011	0.013	0.013	0.013	0.006	0.001	0.003	1.9	0.02	0.35	0
44	0.006	0.001	0.004	0.006	0.002	0.003	0.002	0.004	0.009	0.011	0.002	0.005	0.002	0.005	0.007	0.006	0.005	0.006	0.001	0.002	1.9	0.02	0.40	0
45	0.019	0.001	0.009	0.018	0.003	0.005	0.004	0.008	0.017	0.007	0.003	0.009	0.004	0.016	0.009	0.012	0.012	0.007	0.001	0.006	1.9	0.01	0.49	0
46	0.008	0.001	0.008	0.008	0.002	0.007	0.002	0.004	0.008	0.004	0.002	0.007	0.004	0.006	0.005	0.008	0.005	0.010	0.000	0.002	1.9	0.01	0.55	0
47	0.034	0.002	0.129	0.075	0.003	0.029	0.019	0.006	0.036	0.018	0.010	0.070	0.015	0.022	0.020	0.034	0.023	0.009	0.001	0.008	1.9	0.00	0.93	0
48	0.026	0.003	0.047	0.061	0.003	0.025	0.010	0.005	0.028	0.009	0.003	0.013	0.013	0.025	0.017	0.032	0.021	0.006	0.001	0.006	1.9	0.00	0.98	0
49	0.005	0.001	0.004	0.005	0.002	0.004	0.002	0.003	0.005	0.004	0.002	0.003	0.001	0.003	0.003	0.004	0.004	0.005	0.000	0.004	1.9	0.02	0.14	0
50	0.019	0.003	0.017	0.022	0.006	0.012	0.008	0.010	0.070	0.015	0.005	0.015	0.007	0.017	0.026	0.018	0.015	0.013	0.002	0.006	1.9	0.03	0.19	0
51	0.011	0.001	0.012	0.014	0.002	0.006	0.004	0.005	0.016	0.006	0.003	0.010	0.007	0.011	0.009	0.013	0.009	0.006	0.004	0.003	1.9	0.02	0.31	0
52	0.031	0.002	0.057	0.079	0.005	0.104	0.020	0.005	0.028	0.008	0.010	0.055	0.007	0.032	0.017	0.027	0.023	0.008	0.001	0.007	1.9	0.00	0.94	0
53	0.013	0.060	0.005	0.005	0.022	0.015	0.006	0.006	0.006	0.013	0.003	0.006	0.008	0.004	0.007	0.011	0.008	0.008	5.785	0.023	1.9	0.00	0.98	0
54	0.104	0.054	0.009	0.016	0.074	0.019	0.014	0.093	0.020	0.203	0.058	0.016	0.013	0.017	0.020	0.067	0.071	0.115	0.746	0.175	1.9	0.00	0.99	0
55	0.012	0.001	0.017	0.047	0.017	0.005	0.007	0.010	0.045	0.024	0.003	0.010	0.004	0.034	0.032	0.014	0.019	0.013	0.009	0.009	1.9	0.00	1.00	0
56	0.248	0.028	0.005	0.009	0.014	0.336	0.006	0.050	0.010	0.040	0.014	0.019	0.007	0.008	0.009	0.020	0.022	0.146	0.003	0.010	1.9	0.00	1.00	0
57	0.026	0.003	0.023	0.080	0.003	0.010	0.012	0.014	0.090	0.018	0.009	0.020	0.007	0.037	0.136	0.030	0.028	0.025	0.001	0.008	1.9	0.00	0.91	0
58	0.010	0.005	0.010	0.012	0.003	0.004	0.014	0.006	0.014	0.018	0.003	0.017	0.006	0.010	0.026	0.022	0.011	0.015	0.001	0.005	1.9	0.00	0.65	0
59	0.009	0.001	0.010	0.020	0.002	0.004	0.009	0.007	0.012	0.023	0.008	0.011	0.004	0.007	0.010	0.009	0.012	0.010	0.000	0.003	1.9	0.00	0.83	0
60	0.018	0.002	0.018	0.037	0.003	0.008	0.012	0.006	0.023	0.009	0.009	0.014	0.006	0.020	0.014	0.018	0.023	0.009	0.001	0.004	1.9	0.01	0.24	0
61	0.015	0.001	0.007	0.014	0.002	0.005	0.004	0.004	0.016	0.009	0.003	0.007	0.008	0.009	0.008	0.013	0.008	0.006	0.001	0.002	1.9	0.01	0.31	0
62	0.021	0.001	0.026	0.028	0.003	0.008	0.011	0.005	0.023	0.008	0.004	0.014	0.012	0.016	0.023	0.018	0.013	0.007	0.001	0.004	1.9	0.01	0.38	0
63	0.017	0.002	0.012	0.018	0.003	0.035	0.005	0.005	0.020	0.008	0.004	0.015	0.005	0.013	0.029	0.023	0.013	0.008	0.001	0.003	1.9	0.01	0.41	0
64	0.026	0.004	0.102	0.043	0.007	0.020	0.010	0.011	0.025	0.015	0.006	0.025	0.010	0.020	0.016	0.026	0.019	0.015	0.002	0.007	1.9	0.03	0.28	0
65	0.042	0.003	0.013	0.017	0.003	0.041	0.005	0.006	0.014	0.009	0.004	0.023	0.006	0.011	0.010	0.021	0.016	0.010	0.001	0.003	1.9	0.02	0.37	0
66	0.028	0.003	0.058	0.038	0.005	0.016	0.009	0.008	0.025	0.012	0.005	0.023	0.009	0.020	0.015	0.084	0.020	0.012	0.001	0.005	1.9	0.02	0.42	0
67	0.008	0.003	0.006	0.009	0.001	0.008	0.003	0.004	0.009	0.009	0.002	0.006	0.002	0.004	0.007	0.011	0.006	0.006	0.000	0.002	1.9	0.00	0.93	0
68	0.025	0.002	0.033	0.027	0.002	0.031	0.013	0.004	0.040	0.009	0.005	0.055	0.006	0.023	0.024	0.044	0.042	0.008	0.001	0.005	1.9	0.00	0.92	0
69	0.032	0.005	0.014	0.017	0.006	0.017	0.006	0.010	0.016	0.013	0.005	0.013	0.008	0.011	0.012	0.080	0.020	0.015	0.002	0.006	1.9	0.02	0.15	0
70	0.047	0.008	0.025	0.028	0.009	0.206	0.009	0.014	0.024	0.019	0.007	0.021	0.015	0.017	0.019	0.040	0.029	0.022	0.003	0.008	1.9	0.02	0.22	0
71	0.009	0.001	0.008	0.024	0.003	0.005	0.003	0.006	0.011	0.016	0.003	0.007	0.003	0.007	0.008	0.008	0.007	0.008	0.001	0.003	1.9	0.02	0.30	0
72	0.024	0.002	0.052	0.049	0.003	0.162	0.010	0.005	0.034	0.022	0.004	0.043	0.014	0.033	0.026	0.032	0.018	0.012	0.001	0.004	1.9	0.00	0.90	0
73	0.025	0.003	0.020	0.072	0.003	0.019	0.011	0.011	0.071	0.021	0.007	0.020	0.006	0.074	0.059	0.023	0.022	0.015	0.001	0.004	1.9	0.00	0.95	0
74	0.024	0.002	0.011	0.059	0.007	0.005	0.007	0.024	0.026	0.007	0.007	0.010	0.007	0.036	0.030	0.020	0.024	0.026	0.002	0.003	1.9	0.00	0.98	0
75	0.066	0.008	0.026	0.027	0.008	2.106	0.008	0.010	0.022	0.036	0.006	0.022	0.013	0.034	0.017	0.070	0.033	0.019	0.002	0.021	1.9	0.00	0.99	0
76	0.032	0.011	0.004	0.008	0.098	0.010	0.007	0.144	0.010	0.214	0.033	0.013	0.007	0.015	0.010	0.020	0.025	0.081	0.121	0.125	1.9	0.00	0.99	0
77	0.066	0.008	0.004	0.008	0.337	0.009	0.006	0.355	0.009	0.088	0.021	0.008	0.007	0.008	0.009	0.018	0.025	0.311	0.004	0.039	1.9	0.00	1.00	0
78	0.044	0.007	0.008	0.008	0.006	0.025	0.004	0.009	0.008	0.013	0.004	0.011	3.278	0.006	0.008	0.035	0.025	0.097	0.002	0.004	1.9	0.00	0.98	0
79	0.047	0.007	0.011	0.025	0.003	0.015	0.018	0.009	0.038	0.016	0.004	0.012	0.006	0.013	0.015	0.087	0.025	0.017	0.001	0.005	0	0.00	0.99	0
